Time: 0.746314
Time: 0.732607
Time: 0.526227