slurm-214888.out:0.811079
slurm-214889.out:0.699331
slurm-214890.out:0.449736
slurm-214892.out:0.361961
slurm-214893.out:0.247180
slurm-214894.out:0.224790
slurm-214895.out:0.177179
slurm-214896.out:0.180819
slurm-214897.out:0.131542
slurm-214898.out:0.125531
slurm-214900.out:0.107610
slurm-214901.out:0.113378
slurm-214902.out:0.100415
slurm-214903.out:0.102145
slurm-214904.out:0.097731
slurm-214905.out:0.117026
slurm-214906.out:0.102172
slurm-214907.out:0.107787
slurm-214908.out:0.108679
slurm-214910.out:0.091461